高分03C01星_北斗:0387959,0387960,0387961,0387962,0387963,0402631,0402632,0402633,0387964,0387965,0387966,0387967,0387968,0402634,0402635,0402636
高分03B01星_北斗:0387999,0388000,0388001,0388002,0388003,0402649,0402650,0402651,0388004,0388005,0388006,0388007,0388008,0402652,0402653,0402654
高分03C03星_北斗:0369539,0369540,0369541,0369542,0369543,0402643,0402644,0402645,0369544,0369545,0369546,0369547,0369548,0402646,0402647,0402648
高分03C02星_北斗:0369549,0369550,0369551,0369552,0369553,0402655,0402656,0402657,0369554,0369555,0369556,0369557,0369558,0402658,0402659,0402660
高分03B02星_北斗:0377716,0377717,0377718,0377719,0377720,0402637,0402638,0402639,0377721,0377722,0377723,0377724,0377725,0402640,0402641,0402642,0960299,0960300,0960301,0960302,0960303,0960304,0960305,0960306,0960307,0960308,0960309,0960310,0960311,0960312,0960313,0960314,0960315,0960316,0960317,0960318,0960319,0960320,0960321,0960322,0960323,0960324,0960325,0960326,0960327,0960328,0960329,0960330
高分03B03星_北斗:0387969,0387970,0387971,0387972,0387973,0960293,0960294,0960295,0387974,0387975,0387976,0387977,0387978,0960296,0960297,0960298
高分03B04星_北斗:0377746,0377747,0960269,0960270,0960271,0960272,0960273,0960274,0377748,0377749,0377750,0960275,0960276,0960278,0960279,0960280
高分03B06星_北斗:0402260,0402261,0402262,0402263,0402264,0960281,0960282,0960283,0402265,0402266,0402267,0402268,0402269,0960284,0960285,0960286
宽幅01B星_北斗:0401830,0401831,0401832,0401833,0401834,0401835,0401836,0401837,0401838,0401839,0401840,0401841,0401842,0401843,0401844,0401845
高分04A星_北斗:0345940,0345941,0345942,0345943,0345991,0345992,0345993,0345994,0960391,0960392,0960393,0960394,0960395,0960396,0960397,0960398
高分03D01星_北斗:0345845,0345961,0345996,0345997,0402671,0402672,0402673,0402674,0345847,0345848,0345849,0345850,0345851,0345852,0345853,0345854
高分03D02星_北斗:0345855,0345856,0345857,0345858,0345859,0345860,0345861,0345862,0345863,0345864,0345865,0345866,0345867,0345868,0345873,0345874
高分03D03星_北斗:0345889,0345890,0345891,0345892,0345893,0345945,0345946,0345947,0345900,0345901,0345902,0345903,0345904,0345905,0345906,0345907
星时代-10星_北斗:0345805,0345806,0345807,0345808,0345809,0345810,0345811,0345812,0345818,0345819,0345820,0345839,0345840,0345841,0345842,0345843
高分03D04星_北斗:0244651,0244652,0244653,0244654,0244655,0244656,0244657,0244658,0315206,0315207,0315208,0315209,0315210,0315211,0315212,0315197
高分03D05星_北斗:0401814,0401815,0401816,0401817,0401818,0401819,0401820,0401821,0401822,0401823,0401824,0401825,0401826,0401827,0401828,0401829
高分03D06星_北斗:0995254,0995255,0995256,0995257,0995258,0995259,0995260,0995261,0995262,0995263,0995264,0995265,0995266,0995148,0995149,0995150
高分03D07星_北斗:1002111,1002112,1002113,1002114,1002115,1002116,1002117,1002118,1002119,1002120,1002121,1002122,1002123,1002124,1002125,1003133
高分03D10星_北斗:1002498,1002499,1002500,1002501,1002502,1002503,1002504,1002505,1002506,1002507,1002508,1002509,1002510,1002511,1002512,1002513
高分03D11星_北斗:1002530,1002531,1002532,1002533,1002534,1002535,1002536,1002537,1002538,1002539,1002540,1002541,1002542,1002543,1002544,1002545
高分03D12星_北斗:0401798,0401799,0401800,0401801,0401802,0401803,0401804,0401805,0401806,0401807,0401808,0401809,0401810,0401811,0401812,0401813
高分03D13星_北斗:1002514,1002515,1002516,1002517,1002518,1002519,1002520,1002521,1002522,1002523,1002524,1002525,1002526,1002527,1002528,1002529
高分03D14星_北斗:1002546,1002547,1002548,1002549,1002840,1002841,1002842,1002843,1002844,1002845,1002846,1002847,1002848,1002849,1002850,1002851
高分03D15星_北斗:0229613,0229614,0229615,0229616,0229617,0229618,0229619,0229620,0229621,0229622,0229623,0229624,0229625,0229626,0229627,0229628
高分03D16星_北斗:0229661,0229662,0229663,0229664,0229665,0229666,0229667,0229668,0939450,0939451,0939452,0939453,0939363,0939364,0939365,0939366
高分03D17星_北斗:0229532,0229533,0229534,0229535,0229536,0229537,0229538,0229539,0229540,0229541,0229542,0229543,0229544,0229545,0229546,0229547
高分03D18星_北斗:0229500,0229501,0229502,0229503,0229504,0229505,0229506,0229507,0229508,0229509,0229510,0229511,0229512,0229513,0229514,0229515
魔方02A01星_北斗:0908997,0908998,0908999,0909000,0909001,0909002,0909003,0909004,0909005,0909006,0909007,0909008,0909009,0909010,0909011,0909012
高分03D27星_北斗:0995270,0995271,0995272,0995273,0995274,0995275,1002448,1002449,1002103,1002104,1002105,1002106,1002107,1002108,1002109,1002110
高分03D28星_北斗:1002400,1002401,1002402,1002403,1002404,1002405,1002406,1002407,1002408,1002409,1002410,1002411,1002412,1002413,1002414,1002415
高分03D29星_北斗:1002416,1002417,1002418,1002419,1002420,1002421,1002422,1002423,1002424,1002425,1002426,1002427,1002428,1002429,1002430,1002431
高分03D30星_北斗:0401750,0401751,0401752,0401753,0401754,0401755,0401756,0401757,0401758,0401759,0401760,0401761,0401762,0401763,0401764,0401765
高分03D31星_北斗:0229548,0229550,0229551,0229600,0229601,0229602,0229603,0229604,0229605,0229606,0229607,0229608,0229609,0229610,0229611,0229612
高分03D32星_北斗:0229645,0229646,0229647,0229648,0229649,0229650,0229651,0229652,0229653,0229654,0229655,0229656,0229657,0229658,0229659,0229660
高分03D33星_北斗:0229556,0229957,0229978,0229979,0229585,0229586,0229587,0229588,0229561,0229562,0229563,0229564,0229565,0229566,0229567,0229568
宽幅01C星_北斗:1002817,1002818,1002819,1002820,1002821,1002822,1002823,1002824,1002825,1002826,1002827,1002828,1002829,1002830,1002831,1002832
高分03D09星_北斗:0382949,0382950,0382951,0382952,0382953,0382954,0382955,0382956,0382957,0382958,0382959,0382960,0382961,0382962,0382963,0382964
东坡01星_北斗:0345908,0345909,0345910,0345911,0345912,0345913,0345971,0345972,0345915,0345916,0345917,0345918,0345919,0345920,0345921,0345922
东坡02星_北斗:0401766,0401767,0401768,0401769,0401770,0401771,0401772,0401773,0401774,0401775,0401776,0401777,0401778,0401779,0401780,0401781
东坡03星_北斗:0401782,0401783,0401784,0401785,0401786,0401787,0401788,0401789,0401790,0401791,0401792,0401793,0401794,0401795,0401796,0401797
东坡04星_北斗:1002852,1002853,1002854,1002855,1002856,1002857,1002858,1002859,1002860,1002861,1002862,1002863,1002864,1002865,1002866,1002867
东坡05星_北斗:0995151,0995152,0995153,0995154,0995155,0995156,0995157,0995158,0995159,0995160,0995161,0995162,0995163,0995164,0995165,0995166
东坡06星_北斗:1002432,1002433,1002434,1002435,1002436,1002437,1002438,1002439,1002440,1002441,1002442,1002443,1002444,1002445,1002446,1002447
东坡07星_北斗:1002450,1002451,1002452,1002453,1002454,1002455,1002456,1002457,1002458,1002459,1002460,1002461,1002462,1002463,1002464,1002465
高分03D42星_北斗:1002466,1002467,1002468,1002469,1002470,1002471,1002472,1002473,1002474,1002475,1002476,1002477,1002478,1002479,1002480,1002481
高分03D43星_北斗:1002482,1002483,1002484,1002485,1002486,1002487,1002488,1002489,1002490,1002491,1002492,1002493,1002494,1002495,1002496,1002497
高分03D08星_北斗:0229589,0229590,0229597,0910269,0229557,0229558,0229559,0229560,0330864,0330865,0330866,0330867,0330868,0330869,0330870,0330871
高分03D51星_北斗:0330888,0330889,0330890,0330891,0330892,0330893,0330894,0330895,0330896,0330897,0330898,0330899,0330900,0330901,0330902,0330903
高分03D52星_北斗:0330904,0330905,0330906,0330907,0330908,0330909,0330910,0330911,0330912,0330913,0330914,0330915,0330916,0330917,0330918,0330919
高分03D53星_北斗:0142951,0208954,0169871,0392182,0169907,0392385,0208946,0196675,0169872,0909038,0169909,0169886,0196674,0392395,0183988,0169875
高分03D54星_北斗:0208137,0208138,0208139,0208114,0208115,0208116,0208117,0208118,0208174,0208175,0208176,0208177,0208178,0208179,0208180,0208181
云遥一号04星_北斗:0909150,0909151,0909152,0909153
云遥一号05星_北斗:0909154,0909155,0909156,0909157
云遥一号06星_北斗:0909158,0909159,0909160,0909161
云遥一号07星_北斗:0909162,0909163,0909164,0909165
云遥一号08星_北斗:0909166,0909167,0909168,0909169
天津滨海一号卫星_北斗:0909170,0909171,0909172,0909173
海河一号卫星_北斗:0909174,0909175,0909176,0909177
沃福曼号卫星_北斗:0909146,0909147,0909148,0909149
高分03D47星_北斗:0910270,0910271,0910272,0910273,0910274,0910275,0910276,0910277,0910278,0910279,0910280,0910281,0910282,0910283,0910284,0910285
东坡09星_北斗:0229629,0229630,0229631,0229632,0229633,0229634,0229635,0229636,0229637,0229638,0229639,0229640,0229641,0229642,0229643,0229644
东坡10星_北斗:0330872,0330873,0330874,0330875,0330876,0330877,0330878,0330879,0330880,0330881,0330882,0330883,0330884,0330885,0330886,0330887
东坡08星_北斗:0330920,0330921,0330922,0330923,0330924,0330925,0330926,0330927,0330928,0330929,0330930,0330931,0330932,0330933,0995168,0995169
高分03D48星_北斗:0995170,0995171,0995172,0995173,0995174,0995175,0995176,0995177,0995178,0995179,0939392,0939393,0229552,0229553,0229554,0229555
高分03D49星_北斗:0169876,0909039,0230652,0169884,0169885,0208958,0169894,0196673,0169893,0392201,0169908,0392409,0230655,0392161,0208957,0230653
高分03D50星_北斗:0169914,0169916,0169881,0169895,0169892,0392394,0392396,0208964,0196672,0392204,0169919,0392392,0169918,0160490,0169874,0169891
平台01A01星_北斗:1003101,1003102,1003103,1003104,1003105,1003106,1003107,1003108,1003109,1003110,1003111,1003112,1003113,1003114,1003115,1003116
高分03D34星_北斗:0345924,0345925,0345926,0345927,0345928,0345929,0345930,0345931,0345932,0345933,0345934,0345935,0345936,0345937,0345938,0345939
魔方02A03星_北斗:1003117,1003118,1003119,1003120,1003121,1003122,1003123,1003124,1003125,1003126,1003127,1003128,1003129,1003130,1003131,1003132
魔方02A04星_北斗:0909013,0909014,0909015,0909016,0909017,0909018,0909019,0909020,0909021,0909022,0909023,0909024,0909025,0909026,0909027,0909028
魔方02A07星_北斗:0147335,0147353,0147350,0135631,0135656,0147391,0312855,0249339,0135630,0147316,0908807,0908808,0908947,0908948,0908949,0908950
高分03D19星_北斗:0382965,0382966,0382967,0382968,0382969,0382970,0382971,0382972,0382973,0382974,0382975,0382976,0382977,0382978,0382979,0382980
高分03D20星_北斗:0382981,0382982,0382983,0382984,0382985,0382986,0382987,0382988,0382989,0382990,0382991,0382992,0382993,0382994,0382995,0382996
高分03D21星_北斗:0382997,0382998,0382999,0383000,0383001,0383002,0383003,0383004,0383005,0383006,0383007,0383008,0383009,0383010,0383011,0383012
高分03D22星_北斗:0201817,0208952,0208956,0139044,0196668,0184118,0909040,0208965,0208944,0169870,0392213,0230654,0392209,0208963,0208953,0392406
高分03D23星_北斗:0208961,0392184,0392211,0392171,0392408,0392407,0169869,0392186,0909037,0392195,0392402,0169873,0208945,0169879,0248562,0139046
高分03D24星_北斗:0354297,0196671,0169878,0392202,0169883,0392388,0169890,0169882,0392401,0392210,0392212,0196677,0392393,0392404,0169880,0160491
高分03D25星_北斗:0383013,0383014,0383015,0383016,0383017,0383018,0383019,0383020,0383021,0383022,0383023,0383024,0383025,0383026,0383027,0383028
高分03D26星_北斗:0995183,0995184,0995185,0995186,0995187,0995188,0995189,0995190,1002833,1002834,1002835,1002836,1002837,0995180,0995181,0995182
高分05A星_北斗:0909192,0909193,0909194,0909195,0909196,0909197,0909198,0909199,0909200,0909201,0909202,0909203,0909204,0909205,0909206,0909207
平台02A01星_北斗:0402230,0402231,0402232,0402233,0402234,0960287,0960288,0960289
平台02A02星_北斗:0402235,0402236,0402237,0402238,0402239,0960290,0960291,0960292
高分06A01星_北斗:0909224,0909225,0909226,0909227,0909228,0909229,0909230,0909231
高分06A02星_北斗:0910245,0910246,0910247,0910248,0910249,0910250,0910251,0910252
高分06A03星_北斗:0909232,0909233,0909234,0909235,0909236,0909237,0909238,0909239
高分06A04星_北斗:0910221,0910222,0910223,0910224,0910225,0910226,0910227,0910228
高分06A05星_北斗:0910229,0910230,0910231,0910232,0910233,0910234,0910235,0910236
高分06A06星_北斗:0910237,0910238,0910239,0910240,0910241,0910242,0910243,0910244
高分06A07星_北斗:0229529,0229528,0229527,0229520,0229519,0229518,0245214,0245222
高分06A08星_北斗:0231779,0399393,0398958,0407993,0408009,0407963,0242041,0399258
高分06A09星_北斗:0910379,0910380,0910381,0910382,0910383,0910384,0910385,0910386
高分06A10星_北斗:0336750,0405005,0231668,0231487,0231471,0231474,0231672,0231653
高分06A11星_北斗:0399265,0231868,0408130,0910286,0910287,0910288,0910289,0910290
高分06A12星_北斗:0407989,0408045,0399389,0231671,0231614,0405001,0244860,0336855
高分06A13星_北斗:0161003,0161012,0161013,0161016,0160993,0995167,0229531,1002870
高分06A14星_北斗:0910291,0910292,0910293,0910294,0910295,0910296,0910297,0910298
高分06A15星_北斗:0910299,0910300,0910301,0910302,0910303,0910304,0910305,0910306
高分06A16星_北斗:0910307,0910308,0910309,0910310,0910311,0910312,0910313,0910314
高分06A17星_北斗:0910315,0910316,0910317,0910318,0910319,0910320,0910321,0910322
高分06A18星_北斗:0910323,0910324,0910325,0910326,0910327,0910328,0910329,0910330
高分06A19星_北斗:0910331,0910332,0910333,0910334,0910335,0910336,0910337,0910338
高分06A20星_北斗:0910339,0910340,0910341,0910342,0910343,0910344,0910345,0910346
高分06A21星_北斗:0910347,0910348,0910349,0910350,0910351,0910352,0910353,0910354
高分06A22星_北斗:0910355,0910356,0910357,0910358,0910359,0910360,0910361,0910362
高分06A23星_北斗:0910363,0910364,0910365,0910366,0910367,0910368,0910369,0910370
高分06A24星_北斗:0910371,0910372,0910373,0910374,0910375,0910376,0910377,0910378
高分06A25星_北斗:0336748,0231475,0302707,0336754,1015630,0231643,1010422,0405021
高分06A26星_北斗:0948475,0948495,0948477,0948480,0948476,0948474,1001682,1001696
高分06A27星_北斗:0948492,0948473,0948479,0948500,0948499,0948494,0948491,0948498
高分06A28星_北斗:0948497,0948483,0948482,0948496,0948481,0948478,0948472,0948493
高分06A29星_北斗:1001694,1001711,1001687,1001691,1001685,1001684,1001686,0293229
高分06A30星_北斗:1001697,1001693,1001692,1001708,1001690,1001689,1001698,1001695
吉星01星_北斗:0940359,0940374,0315188,0940367,0940354,0314892,0160991,0940353
吉星02星_北斗:0233279,0315187,0940371,0376662,0231825,0381063,0407935,0231562
吉星03星_北斗:0314863,0332131,0315191,0315192,0940377,0940372,0910197,0940352
吉星04星_北斗:0160988,0948355,0940355,0940356,0315190,0365888,0940368,0940357
吉星05星_北斗:0913837,0913838,0913949,0913950,0913951,0913952,0913953,0913954
吉星06星_北斗:0913819,0913820,0913821,0913822,0913823,0913824,0913825,0913826
吉星07星_北斗:1006682,1006681,1006680,1006820,0940573,1006669,1006675,1006679
吉星08星_北斗:0913829,0913830,0913831,0913832,0913833,0913834,0913835,0913836
吉星09星_北斗:0940378,0940361,0940364,0247612,0161044,0940369,0315189,0161043
吉星10星_北斗:0231808,0376164,0242024,0407653,0231880,0407641,0407654,0231639
吉星11星_北斗:0231688,0231569,0231623,0407650,0231789,0407655,0242054,0231627
吉星12星_北斗:0231513,0231835,0955681,0312974,0913968,0913967,0913966,0913965
吉星13星_北斗:0940375,0940376,0940370,0940379,0940366,0940358,0940362,0940363
吉星14星_北斗:0940373,1010441,0315185,1010442,0315290,0947962,0315186,0332130
吉星15星_北斗:0231462,0231838,0231844,0231867,0940365,0407652,0231662,0407651
吉星16星_北斗:0913957,0913958,0913959,0913960,0913961,0913962,0913963,0913964
吉星17星_北斗:0396984,0396962,0231785,0410666,0410782,0315292,0410536,0396913
吉星18星_北斗:0396810,0397031,0344789,0396946,0410602,0410724,0231841,0410714
吉星19星_北斗:0160077,0940360,0323730,0910193,0367961,0910195,0910196,0910194
吉星20星_北斗:0913955,0913956,1010460,1010459,1006678,1006677,1006676,0408417
高分04B星_北斗:0910253,0910254,0910255,0910256,0910257,0910258,0910259,0910260,0910261,0910262,0910263,0910264,0910265,0910266,0910267,0910268
宽幅02A星_北斗:0909208,0909209,0909210,0909211,0909212,0909213,0909214,0909215,0909216,0909217,0909218,0909219,0909220,0909221,0909222,0909223